"Chisq" "df" "p-value" "Outfit MSQ" "Infit MSQ" "Outfit t" "Infit t"
"P1" 42.569 24 0.011 1.703 1.915 0.94 1.21
"P2" 25.024 24 0.404 1.001 1.171 0.15 0.58
"P3" 18.482 24 0.779 0.739 0.677 -0.59 -1.1
"P4" 12.798 24 0.969 0.512 0.412 -1.89 -3.22
"P5" 14.891 24 0.924 0.596 0.611 -1.23 -1.6
"P6" 28.761 24 0.229 1.15 1.154 0.56 0.69
"P7" 22.149 24 0.57 0.886 0.891 -0.44 -0.46
"P8" 63.885 24 0 2.555 1.937 1.88 1.56
"P9" 45.376 24 0.005 1.815 1.431 2.58 1.86
"P10" 13.1 24 0.964 0.524 0.488 -2.35 -2.8
"P11" 21.298 24 0.621 0.852 0.896 -0.62 -0.46
"P12" 46.06 24 0.004 1.842 1.597 1.86 1.69
"P13" 41.845 24 0.013 1.674 1.215 1.7 0.84
"P14" 22.702 24 0.537 0.908 0.839 -0.33 -0.78
"P15" 18.971 24 0.754 0.759 0.831 -0.42 -0.39
"P16" 14.712 24 0.929 0.588 0.749 -0.91 -0.66
"P17" 24.726 24 0.421 0.989 0.971 0.08 -0.03
"P18" 37.351 24 0.04 1.494 1.152 1.77 0.77
"P19" 34.032 24 0.084 1.361 1.557 0.99 1.77
"P20" 17.411 24 0.831 0.696 0.547 -1.3 -2.6
"P21" 17.311 24 0.835 0.692 0.578 -0.92 -1.88
"P22" 33.926 24 0.086 1.357 1.107 1 0.44
"P23" 24.363 24 0.441 0.975 0.794 0.03 -0.71
"P24" 16.003 24 0.888 0.64 0.635 -0.9 -1.28
"P25" 44.849 24 0.006 1.794 1.674 2.7 2.81
"P26" 25.302 24 0.39 1.012 1.216 0.15 0.88
"P27" 23.658 24 0.481 0.946 1.079 -0.09 0.42
"P28" 20.655 24 0.659 0.826 0.856 -0.75 -0.68
"P29" 16.51 24 0.869 0.66 0.693 -0.91 -1.11
"P30" 32.3 24 0.12 1.292 1.345 1.26 1.61
"P31" 18.81 24 0.762 0.752 0.748 -1.05 -1.17
"P32" 25.212 24 0.394 1.008 0.922 0.12 -0.31
"P33" 119.929 24 0 4.797 1.921 3.67 1.7
"P34" 43.17 24 0.01 1.727 1.422 2.27 1.79
"P35" 27.523 24 0.281 1.101 1.168 0.51 0.84
"P36" 28.386 24 0.244 1.135 1.071 0.64 0.41
"P37" 35.839 24 0.057 1.434 1.884 0.72 1.18
"P39" 50.263 24 0.001 2.011 1.781 2.66 2.47
"P40" 28.48 24 0.24 1.139 1.296 0.43 0.83
"P41" 19.568 24 0.721 0.783 0.675 -0.72 -1.56
"P42" 66.203 24 0 2.648 1.044 2.14 0.25
"P43" 11.151 24 0.988 0.446 0.883 -0.12 0.24
"P44" 15.865 24 0.893 0.635 0.648 -0.92 -1.22
"P45" 26.819 24 0.313 1.073 0.91 0.32 -0.04
"P46" 22.205 24 0.567 0.888 0.96 -0.39 -0.13
"P47" 20.888 24 0.645 0.836 0.832 -0.53 -0.64
"P48" 13.704 24 0.953 0.548 0.649 -0.94 -0.91
"P49" 31.265 24 0.146 1.251 1.217 0.84 0.92
"P50" 20.389 24 0.674 0.816 0.882 -0.62 -0.49
"P51" 22.631 24 0.542 0.905 1.204 -0.03 0.62
"P52" 21.017 24 0.638 0.841 0.882 -0.42 -0.43
"P53" 16.195 24 0.881 0.648 0.682 -1.66 -1.72
"P54" 13.345 24 0.96 0.534 0.559 -2.29 -2.54
"P55" 73.041 24 0 2.922 1.954 2.77 2.08
"P56" 21.545 24 0.606 0.862 0.877 -0.48 -0.47
"P57" 26.736 24 0.317 1.069 1.113 0.34 0.58
"P58" 12.19 24 0.978 0.488 0.394 -2.72 -3.91
"P59" 51.678 24 0.001 2.067 1.648 2.44 2.11
"P60" 86.213 24 0 3.449 2.266 3.97 3.19
"P61" 36.783 24 0.046 1.471 1.403 1.57 1.52
"P62" 15.896 24 0.892 0.636 0.636 -1.26 -1.48
"P63" 22.162 24 0.57 0.886 0.909 -0.43 -0.4
"P64" 36.14 24 0.053 1.446 1.354 1.76 1.65
"P65" 31.501 24 0.14 1.26 1.328 1.02 1.35
"P66" 44.125 24 0.007 1.765 1.601 1.07 1.03
"P67" 37.169 24 0.042 1.487 1.511 1.85 2.07
"P68" 48.791 24 0.002 1.952 1.732 3.29 2.85
"P69" 16.612 24 0.865 0.664 0.69 -1.16 -1.42
"P70" 33.364 24 0.097 1.335 1.187 1.27 0.92
"P71" 70.692 24 0 2.828 1.476 2.09 0.96
"P72" 30.042 24 0.183 1.202 1.276 0.73 1.17
"P73" 28.221 24 0.251 1.129 0.929 0.41 0.04
"P74" 20.891 24 0.645 0.836 0.858 -0.62 -0.58
"P75" 21.512 24 0.608 0.86 0.916 0.15 0.14
"P76" 40.874 24 0.017 1.635 0.826 1.17 -0.29
"P77" 17.995 24 0.803 0.72 0.866 -0.53 -0.28
"P78" 23.386 24 0.497 0.935 0.954 -0.09 -0.1
"P79" 20.821 24 0.649 0.833 0.912 -0.52 -0.33
"P80" 19.956 24 0.699 0.798 1.393 -0.03 0.77
"P81" 19.537 24 0.723 0.781 0.823 -0.97 -0.86
"P82" 14.245 24 0.941 0.57 0.619 -1.28 -1.36
"P83" 25.81 24 0.363 1.032 1.131 0.21 0.68
"P84" 21.638 24 0.601 0.866 0.837 -0.55 -0.77
"P85" 24.403 24 0.439 0.976 0.96 0.02 -0.1
"P86" 21.484 24 0.61 0.859 0.98 -0.13 0.08
"P87" 17.243 24 0.838 0.69 0.725 -1.48 -1.43
"P88" 11.967 24 0.98 0.479 0.448 -2.48 -3.32
"P89" 13.43 24 0.958 0.537 0.709 -1.07 -0.8
"P90" 33.695 24 0.09 1.348 1.326 1.14 1.35
"P91" 21.133 24 0.631 0.845 0.648 -0.24 -1.12
"P92" 17.926 24 0.807 0.717 0.941 0.18 0.29
"P93" 17.982 24 0.804 0.719 0.792 -0.99 -0.92
"P94" 10.882 24 0.99 0.435 0.447 -2.3 -2.96
"P95" 21.048 24 0.636 0.842 0.85 -0.64 -0.66
"P96" 11.336 24 0.986 0.453 0.482 -2.54 -2.98
"P97" 16.741 24 0.86 0.67 0.712 -1.27 -1.4
"P98" 15.798 24 0.895 0.632 0.692 -1.23 -1.34
"P99" 29.668 24 0.196 1.187 1.325 0.75 1.46
"P100" 10.197 24 0.994 0.408 0.497 -1.4 -1.49
"P101" 28.073 24 0.257 1.123 1.224 0.53 0.95
"P102" 10.811 24 0.99 0.432 0.51 -1.45 -1.59
"P103" 36.784 24 0.046 1.471 1.481 1.9 2.08
"P104" 23.783 24 0.474 0.951 1.214 0.01 0.76
"P105" 14.435 24 0.936 0.577 0.58 -2.12 -2.41
"P106" 17.823 24 0.811 0.713 0.681 -0.73 -1.17
"P107" 23.255 24 0.505 0.93 1.124 0 0.46
"P108" 15.59 24 0.902 0.624 0.597 -1.62 -1.95
"P109" 24.838 24 0.415 0.994 1.128 0.14 0.47
"P110" 23.421 24 0.495 0.937 0.995 0.06 0.13
"P111" 17.453 24 0.829 0.698 0.814 -1.02 -0.78
"P112" 19.879 24 0.704 0.795 0.86 -0.75 -0.62
"P113" 24.382 24 0.44 0.975 1.093 0 0.44
"P114" 25.001 24 0.406 1 0.94 0.1 -0.19
"P115" 19.287 24 0.737 0.771 0.85 -0.5 -0.39
"P116" 28.51 24 0.239 1.14 1.163 0.63 0.76
"P117" 17.254 24 0.838 0.69 0.732 -1.38 -1.4
"P118" 19.631 24 0.718 0.785 0.86 -0.79 -0.63
"P119" 47.517 24 0.003 1.901 1.641 1.82 1.76
"P120" 39.413 24 0.025 1.577 1.729 1.29 1.95
"P121" 28.855 24 0.226 1.154 1.177 0.73 0.89
"P122" 19.011 24 0.751 0.76 0.804 -1.01 -0.87
"P123" 22.496 24 0.55 0.9 1.021 -0.24 0.17
"P124" 21.559 24 0.606 0.862 1.177 0 0.49
"P125" 16.674 24 0.862 0.667 0.71 -1.51 -1.53
"P126" 28.111 24 0.255 1.124 1.251 0.54 1.17
"P127" 22.331 24 0.56 0.893 0.979 -0.35 -0.03
"P128" 18.471 24 0.78 0.739 0.764 -1.08 -1.06
"P129" 9.103 24 0.997 0.364 0.328 -3.4 -4.48
"P130" 26.502 24 0.328 1.06 1.146 0.32 0.68
"P131" 22.278 24 0.563 0.891 0.84 -0.29 -0.57
"P132" 13.021 24 0.966 0.521 0.5 -2.3 -2.96
"P133" 39.072 24 0.027 1.563 1.12 1.14 0.43
"P134" 39.127 24 0.026 1.565 1.307 0.95 0.7
"P135" 18.296 24 0.788 0.732 0.759 -1.22 -1.17
"P136" 38.688 24 0.029 1.548 1.838 0.93 1.44
"P137" 34.927 24 0.069 1.397 1.457 1.59 2.06
"P138" 65.666 24 0 2.627 2.204 5.15 4.46
"P139" 19.737 24 0.712 0.789 0.804 -0.48 -0.64
"P140" 18.041 24 0.801 0.722 1.146 -0.24 0.44
"P141" 29.882 24 0.189 1.195 1.186 0.89 0.92
"P142" 31.015 24 0.153 1.241 1.296 1.05 1.41
"P143" 21.949 24 0.582 0.878 0.95 -0.27 -0.11
"P144" 30.497 24 0.169 1.22 1.322 0.96 1.52
"P145" 15.523 24 0.905 0.621 0.695 -1.33 -1.19
"P146" 24.179 24 0.451 0.967 0.995 -0.05 0.05
"P147" 23.226 24 0.506 0.929 0.961 -0.23 -0.13
"P148" 22.434 24 0.553 0.897 0.85 -0.39 -0.68
"P149" 36.856 24 0.045 1.474 1.478 1.77 2.11
"P150" 35.045 24 0.068 1.402 1.625 0.8 1.27
"P151" 10.97 24 0.989 0.439 0.418 -3.01 -3.69
"P152" 10.022 24 0.994 0.401 0.405 -3.01 -3.69
"P153" 22.73 24 0.536 0.909 0.951 -0.34 -0.17
"P154" 9.813 24 0.995 0.393 0.402 -2.95 -3.63
"P155" 20.834 24 0.649 0.833 0.648 -0.58 -1.83
"P156" 14.631 24 0.931 0.585 0.723 -0.52 -0.4
"P157" 21.635 24 0.601 0.865 0.849 -0.39 -0.64
"P158" 35.709 24 0.059 1.428 1.373 1.73 1.73
"P159" 27.144 24 0.298 1.086 1.171 0.33 0.52
"P160" 13.174 24 0.963 0.527 0.535 -1.77 -2.03
"P161" 19.695 24 0.714 0.788 0.803 -0.95 -0.97
"P162" 58.494 24 0 2.34 1.696 3.05 2.35
"P163" 31.48 24 0.14 1.259 1.324 1.14 1.48
"P164" 7.134 24 1 0.285 0.278 -4.32 -5.1
"P165" 33.094 24 0.102 1.324 1.66 0.79 1.68
"P166" 21.198 24 0.627 0.848 0.838 -0.57 -0.77
"P167" 16.699 24 0.861 0.668 0.698 -0.95 -1.17
"P168" 24.268 24 0.446 0.971 1.106 -0.01 0.53
"P169" 23.897 24 0.467 0.956 1.18 -0.02 0.75
"P170" 13.58 24 0.956 0.543 0.83 -0.29 0.02
"P171" 13.469 24 0.958 0.539 0.518 -1.27 -1.84
"P172" 24.61 24 0.427 0.984 0.98 0.03 -0.02
"P173" 24.407 24 0.439 0.976 1.013 -0.03 0.13
"P174" 38.645 24 0.03 1.546 1.613 1.58 2.21
"P175" 13.467 24 0.958 0.539 0.527 -2.19 -2.75
"P176" 16.236 24 0.879 0.649 0.635 -1.6 -1.82
"P177" 24.22 24 0.449 0.969 0.849 0.02 -0.45
"P178" 34.87 24 0.07 1.395 1.215 1.16 0.87
"P179" 37.754 24 0.037 1.51 1.288 1.3 1.02
"P180" 20.911 24 0.644 0.836 0.897 -0.62 -0.39
"P181" 57.048 24 0 2.282 1.379 2.37 1.15
"P182" 21.967 24 0.581 0.879 0.9 -0.37 -0.4
"P183" 15.261 24 0.913 0.61 0.655 -1.56 -1.74
"P184" 23.996 24 0.462 0.96 1.047 0.02 0.26
"P185" 28.132 24 0.255 1.125 1.306 0.43 1.02
"P186" 23.566 24 0.487 0.943 1.277 0.13 0.65
"P187" 29.823 24 0.191 1.193 1.182 0.52 0.55
"P188" 35.024 24 0.068 1.401 0.915 0.8 -0.03
"P189" 22.444 24 0.553 0.898 0.763 -0.23 -0.98
"P190" 16.964 24 0.85 0.679 1.031 -0.42 0.22
"P191" 45.768 24 0.005 1.831 1.927 1.03 1.22
"P192" 27.489 24 0.282 1.1 1.168 0.5 0.84
"P193" 23.148 24 0.511 0.926 0.792 -0.08 -0.64
"P194" 17.849 24 0.81 0.714 0.778 -0.84 -0.86
"P195" 17.236 24 0.838 0.689 0.738 -0.9 -0.9
"P196" 20.823 24 0.649 0.833 0.944 -0.45 -0.16
"P197" 17.129 24 0.843 0.685 0.756 -0.4 -0.41
"P198" 19.517 24 0.724 0.781 0.906 0.05 0.13
"P199" 42.45 24 0.011 1.698 1.859 1.09 1.47
"P200" 43.157 24 0.01 1.726 1.64 1.46 1.64
"P201" 14.332 24 0.939 0.573 0.627 -1.67 -1.85
"P202" 29.417 24 0.205 1.177 1.22 0.82 1.08
"P203" 29.808 24 0.191 1.192 1.343 0.57 1.03
"P204" 20.504 24 0.668 0.82 0.959 -0.39 -0.05
"P205" 32.204 24 0.122 1.288 1.861 0.59 1.16
"P206" 16.81 24 0.857 0.672 0.82 -0.87 -0.58
"P207" 20.398 24 0.674 0.816 1.065 -0.28 0.3
"P208" 22.028 24 0.578 0.881 1.011 -0.09 0.16
"P209" 14.122 24 0.944 0.565 0.565 -1.1 -1.42
"P210" 20.132 24 0.689 0.805 0.837 -0.82 -0.79
"P211" 20.865 24 0.647 0.835 0.858 -0.7 -0.67
"P212" 18.233 24 0.792 0.729 0.737 -0.93 -1.04
"P213" 20.069 24 0.693 0.803 0.863 -0.44 -0.41
"P214" 17.926 24 0.807 0.717 0.941 0.18 0.29
"P215" 16.591 24 0.866 0.664 0.663 -0.76 -1.06
"P216" 14.832 24 0.926 0.593 0.695 -1.4 -1.33
"P217" 23.778 24 0.474 0.951 0.865 -0.13 -0.63
"P218" 20.903 24 0.644 0.836 0.916 -0.53 -0.27
"P219" 21.742 24 0.595 0.87 0.86 -0.27 -0.46
"P220" 20.697 24 0.657 0.828 0.808 -0.6 -0.77
"P221" 11.38 24 0.986 0.455 0.469 -2.89 -3.26
"P222" 14.089 24 0.945 0.564 0.568 -2.1 -2.25
"P223" 20.328 24 0.678 0.813 0.882 -0.73 -0.53
"P224" 18.222 24 0.792 0.729 0.823 -0.73 -0.61
"P225" 31.613 24 0.137 1.265 1.541 0.57 0.95
"P226" 31.336 24 0.144 1.253 1.33 0.94 1.45
"P227" 35.795 24 0.057 1.432 1.347 1.74 1.54
"P228" 13.668 24 0.954 0.547 0.591 -1.8 -2.07
"P229" 19.327 24 0.734 0.773 0.874 -0.44 -0.29
"P230" 6.23 24 1 0.249 0.218 -4.69 -5.86
"P231" 12.543 24 0.973 0.502 0.457 -2.5 -3.33
"P232" 37.343 24 0.04 1.494 1.234 1.15 0.77
"P233" 24.193 24 0.451 0.968 1.032 -0.01 0.21
"P234" 10.023 24 0.994 0.401 0.393 -3.44 -3.83
"P235" 21.285 24 0.622 0.851 0.824 -0.62 -0.83
"P236" 21.14 24 0.63 0.846 1.126 -0.24 0.48
"P237" 19.396 24 0.731 0.776 0.822 -0.97 -0.87
"P238" 14.381 24 0.938 0.575 0.606 -1.48 -1.82
"P239" 21.653 24 0.6 0.866 1.055 -0.12 0.27
"P240" 35.655 24 0.059 1.426 1.511 0.75 0.92
"P241" 24.497 24 0.433 0.98 1.163 0.06 0.67
"P242" 7.232 24 1 0.289 0.267 -4.36 -4.95
"P243" 10.558 24 0.992 0.422 0.288 -3.13 -4.99
"P244" 24.383 24 0.44 0.975 1.059 -0.02 0.35
"P245" 11.967 24 0.98 0.479 0.606 -1.03 -0.95
"P246" 30.647 24 0.164 1.226 1.337 0.64 1.04
"P247" 22.925 24 0.524 0.917 0.962 0.36 0.32
"P248" 27.456 24 0.284 1.098 1.687 0.36 1.25
"P249" 28.688 24 0.232 1.148 1.19 0.67 0.95
"P250" 31.403 24 0.142 1.256 1.336 1.09 1.58
"P252" 13.409 24 0.959 0.536 1.28 -0.63 0.67
"P253" 28.91 24 0.224 1.156 1.363 0.51 1.17
"P254" 21.714 24 0.596 0.869 0.937 -0.5 -0.25
"P255" 42.843 24 0.01 1.714 1.54 2.48 2.34
"P256" 33.049 24 0.103 1.322 1.3 1.35 1.43
"P257" 18.763 24 0.765 0.751 0.778 -1.14 -1.13
"P258" 17.776 24 0.814 0.711 0.799 -0.61 -0.55
"P259" 13.007 24 0.966 0.52 0.524 -2.49 -2.67
"P260" 25.347 24 0.387 1.014 0.892 0.14 -0.4
"P261" 39.89 24 0.022 1.596 1.67 1.66 2.11
"P262" 17.374 24 0.832 0.695 0.753 -0.94 -0.88
"P263" 11.954 24 0.98 0.478 0.409 -1.78 -2.57
"P264" 18.211 24 0.793 0.728 0.808 -1.04 -0.77
"P265" 18.905 24 0.757 0.756 0.701 -0.78 -1.36
"P266" 31.323 24 0.145 1.253 1.267 1.1 1.23
"P267" 15.915 24 0.891 0.637 0.611 -1.56 -2.12
"P268" 46.513 24 0.004 1.861 1.403 2.59 1.72
"P269" 23.864 24 0.469 0.955 1.08 -0.01 0.38
"P270" 19.129 24 0.745 0.765 0.82 -1.02 -0.89
"P271" 24.201 24 0.45 0.968 1.051 -0.05 0.31
"P272" 6.475 24 1 0.259 0.617 -0.86 -0.34
"P273" 34.586 24 0.075 1.383 1.383 1.51 1.76
"P274" 24.044 24 0.459 0.962 1.016 -0.1 0.15
"P275" 22.763 24 0.534 0.911 1 -0.28 0.07
"P276" 22.093 24 0.574 0.884 1.025 -0.28 0.18
"P277" 28.533 24 0.238 1.141 1.204 0.6 0.97
"P278" 17.149 24 0.842 0.686 0.725 -0.95 -1.11
"P279" 31.68 24 0.135 1.267 1.585 0.66 1.42
"P280" 35.797 24 0.057 1.432 1.334 0.99 0.97
"P281" 26.862 24 0.311 1.074 1.15 0.31 0.52
"P282" 21.705 24 0.597 0.868 0.963 -0.41 -0.1
"P283" 14.964 24 0.922 0.599 0.64 -0.88 -1.05
"P284" 14.222 24 0.941 0.569 0.529 -1.75 -2.23
"P285" 31.521 24 0.139 1.261 1.329 1.15 1.52
"P286" 20.822 24 0.649 0.833 0.938 -0.45 -0.18
"P287" 21.063 24 0.635 0.843 0.894 -0.67 -0.48
"P288" 27.478 24 0.283 1.099 1.129 0.4 0.54
"P289" 30.512 24 0.168 1.22 1.28 0.83 1.12
"P290" 20.762 24 0.653 0.83 0.883 -0.67 -0.53
"P291" 24.501 24 0.433 0.98 0.999 0.02 0.08
"P292" 18.835 24 0.761 0.753 0.717 -1.12 -1.49
"P293" 13.742 24 0.952 0.55 0.487 -1.15 -1.78
"P294" 13.821 24 0.951 0.553 0.587 -2.03 -2.28
"P295" 42.023 24 0.013 1.681 1.473 1.24 1.13
"P296" 38.792 24 0.029 1.552 1.618 1.94 2.58
"P297" 44.6 24 0.006 1.784 1.477 1.18 0.96
"P298" 27.577 24 0.278 1.103 0.976 0.51 0.33
"P299" 42.798 24 0.01 1.712 1.752 2.65 3.13
"P300" 43.998 24 0.008 1.76 1.612 2.79 2.64
"P301" 9.868 24 0.995 0.395 0.487 -1.45 -1.53
"P302" 42.471 24 0.011 1.699 1.53 1.75 1.79
"P303" 15.353 24 0.91 0.614 0.663 -1.54 -1.69
"P304" 19.007 24 0.752 0.76 0.715 -0.77 -1.29
"P305" 7.379 24 1 0.295 0.277 -4.39 -5.01
"P306" 25.363 24 0.386 1.015 0.937 0.14 -0.21
"P307" 23.899 24 0.467 0.956 1.136 -0.03 0.62
"P308" 19.871 24 0.704 0.795 0.848 -0.78 -0.7
"P309" 34.37 24 0.078 1.375 1.448 1.4 1.97
"P310" 27.435 24 0.285 1.097 1.137 0.49 0.69
"P311" 16.382 24 0.874 0.655 0.681 -1.68 -1.68
"P312" 57.072 24 0 2.283 1.893 4.31 3.56
"P313" 19.538 24 0.723 0.782 0.85 -0.84 -0.69
"P314" 31.839 24 0.131 1.274 1.513 0.58 0.92
"P315" 23.115 24 0.513 0.925 1.009 -0.22 0.11
"P316" 14.08 24 0.945 0.563 0.49 -1.54 -2.53
